# Game Level Exporter v1.0
MESH
Bush
<Matrix 4x4 ( 1.0000, 0.0000,   0.0000, 0.0000)
            ( 0.0000, 1.0000,  -0.0000, 0.0000)
            ( 0.0000, 0.0000,   1.0000, 0.0000)
            (-6.5597, 0.0170, -18.0828, 1.0000)>
MESH
Cloud
<Matrix 4x4 (  1.9181, -0.2392,  1.1734, 0.0000)
            (  0.0834, -2.1836, -0.5815, 0.0000)
            (  1.1946,  0.5366, -1.8434, 0.0000)
            (-35.7096, 18.3613, 12.1415, 1.0000)>
MESH
Fence
<Matrix 4x4 (1.0000, 0.0000,   0.0000, 0.0000)
            (0.0000, 1.0000,  -0.0000, 0.0000)
            (0.0000, 0.0000,   1.0000, 0.0000)
            (0.4357, 0.0000, -17.2927, 1.0000)>
MESH
Ground
<Matrix 4x4 (1.1742, 0.0000,  0.0000, 0.0000)
            (0.0000, 1.0000, -0.0000, 0.0000)
            (0.0000, 0.0000,  1.1557, 0.0000)
            (0.0000, 0.0000,  0.0000, 1.0000)>
MESH
House
<Matrix 4x4 ( 0.4829, 0.0000,   0.0898, 0.0000)
            ( 0.0000, 0.4912,  -0.0000, 0.0000)
            (-0.0898, 0.0000,   0.4829, 0.0000)
            (-9.3937, 0.0108, -14.2549, 1.0000)>
MESH
Log
<Matrix 4x4 ( 0.9890,  0.1476,  0.0000, 0.0000)
            (-0.1476,  0.9890, -0.0000, 0.0000)
            (-0.0000,  0.0000,  1.0000, 0.0000)
            (-5.3990, -0.5685, -5.3380, 1.0000)>
MESH
Pine
<Matrix 4x4 (  1.0000, 0.0000,  0.0000, 0.0000)
            (  0.0000, 3.3329, -0.0000, 0.0000)
            (  0.0000, 0.0000,  1.0000, 0.0000)
            (-13.3930, 0.0000, 14.2107, 1.0000)>
MESH
Tree
<Matrix 4x4 (  1.0000,  0.0000,  0.0000, 0.0000)
            (  0.0000,  1.0000, -0.0000, 0.0000)
            (  0.0000,  0.0000,  1.0000, 0.0000)
            (-15.4476, -0.0000, -4.4294, 1.0000)>
MESH
Well
<Matrix 4x4 ( 1.0000, 0.0000,  0.0000, 0.0000)
            ( 0.0000, 1.0000, -0.0000, 0.0000)
            ( 0.0000, 0.0000,  1.0000, 0.0000)
            (10.1254, 0.0000,  7.7182, 1.0000)>
MESH
Bush.001
<Matrix 4x4 ( 1.0000, 0.0000,   0.0000, 0.0000)
            ( 0.0000, 1.0000,  -0.0000, 0.0000)
            ( 0.0000, 0.0000,   1.0000, 0.0000)
            (-9.6189, 0.0170, -18.6278, 1.0000)>
MESH
Bush.002
<Matrix 4x4 (  1.0000, 0.0000,   0.0000, 0.0000)
            (  0.0000, 1.0000,  -0.0000, 0.0000)
            (  0.0000, 0.0000,   1.0000, 0.0000)
            (-13.8004, 0.0170, -17.5067, 1.0000)>
MESH
Bush.003
<Matrix 4x4 (  1.0000, 0.0000,   0.0000, 0.0000)
            (  0.0000, 1.0000,  -0.0000, 0.0000)
            (  0.0000, 0.0000,   1.0000, 0.0000)
            (-14.3542, 0.0170, -14.5496, 1.0000)>
MESH
Bush.004
<Matrix 4x4 (  1.0000, 0.0000,   0.0000, 0.0000)
            (  0.0000, 1.0000,  -0.0000, 0.0000)
            (  0.0000, 0.0000,   1.0000, 0.0000)
            (-14.2570, 0.0170, -11.5434, 1.0000)>
MESH
Bush.005
<Matrix 4x4 (  1.0000, 0.0000,  0.0000, 0.0000)
            (  0.0000, 1.0000, -0.0000, 0.0000)
            (  0.0000, 0.0000,  1.0000, 0.0000)
            (-11.0684, 0.0170, -9.9187, 1.0000)>
MESH
Bush.006
<Matrix 4x4 ( 1.0000, 0.0000,  0.0000, 0.0000)
            ( 0.0000, 1.0000, -0.0000, 0.0000)
            ( 0.0000, 0.0000,  1.0000, 0.0000)
            (-7.9826, 0.0170, -9.1934, 1.0000)>
MESH
Fence.001
<Matrix 4x4 (-1.0000,  0.0000,  -0.0000, 0.0000)
            (-0.0000,  1.0000,   0.0000, 0.0000)
            ( 0.0000,  0.0000,  -1.0000, 0.0000)
            (-0.4990, -0.0307, -10.1127, 1.0000)>
MESH
Pine.001
<Matrix 4x4 (  1.0000, 0.0000,  0.0000, 0.0000)
            (  0.0000, 3.3329, -0.0000, 0.0000)
            (  0.0000, 0.0000,  1.0000, 0.0000)
            (-18.1578, 0.0000, -9.2574, 1.0000)>
MESH
Tree.001
<Matrix 4x4 (  1.0000, 0.0000,  0.0000, 0.0000)
            (  0.0000, 1.4710, -0.0000, 0.0000)
            (  0.0000, 0.0000,  1.0000, 0.0000)
            (-15.0441, 0.0000,  8.0021, 1.0000)>
MESH
Pine.002
<Matrix 4x4 (1.0000, 0.0000,  0.0000, 0.0000)
            (0.0000, 2.2807, -0.0000, 0.0000)
            (0.0000, 0.0000,  1.0000, 0.0000)
            (2.1151, 0.0000, 11.8196, 1.0000)>
MESH
Tree.002
<Matrix 4x4 ( 1.0000,  0.0000,  0.0000, 0.0000)
            ( 0.0000,  1.0000, -0.0000, 0.0000)
            ( 0.0000,  0.0000,  1.0000, 0.0000)
            (-8.6418, -0.0000,  0.5698, 1.0000)>
MESH
Tree.003
<Matrix 4x4 ( 1.0000,  0.0000,  0.0000, 0.0000)
            ( 0.0000,  1.4710, -0.0000, 0.0000)
            ( 0.0000,  0.0000,  1.0000, 0.0000)
            (-6.7068, -0.0000, 16.1430, 1.0000)>
MESH
Pine.003
<Matrix 4x4 (1.0000,  0.0000,  0.0000, 0.0000)
            (0.0000,  2.2807, -0.0000, 0.0000)
            (0.0000,  0.0000,  1.0000, 0.0000)
            (8.9208, -0.0000, 16.8188, 1.0000)>
MESH
Cloud.001
<Matrix 4x4 (1.0000,  0.0000,  0.0000, 0.0000)
            (0.0000,  1.0000, -0.0000, 0.0000)
            (0.0000,  0.0000,  1.0000, 0.0000)
            (8.6343, 17.9387,  7.4306, 1.0000)>
MESH
Cloud.002
<Matrix 4x4 (  1.4089,  0.0000,   0.0000, 0.0000)
            (  0.0000,  1.4089,  -0.0000, 0.0000)
            (  0.0000,  0.0000,   1.4089, 0.0000)
            (-10.2705, 25.4100, -13.6166, 1.0000)>
MESH
Cloud.003
<Matrix 4x4 (1.6499,  0.0000,   0.0000, 0.0000)
            (0.0000,  1.6499,  -0.0000, 0.0000)
            (0.0000,  0.0000,   1.6499, 0.0000)
            (3.3644, 15.8852, -12.8708, 1.0000)>
MESH
Log.001
<Matrix 4x4 (-0.4298,  0.0000,  0.7870, 0.0000)
            ( 0.0000,  0.8967,  0.0000, 0.0000)
            (-0.7870,  0.0000, -0.4298, 0.0000)
            (13.1747, -0.0211, 11.4866, 1.0000)>
MESH
Bush.007
<Matrix 4x4 (0.9743, -0.2254,  0.0000, 0.0000)
            (0.2254,  0.9743, -0.0000, 0.0000)
            (0.0000,  0.0000,  1.0000, 0.0000)
            (7.4561,  0.0170, 11.7123, 1.0000)>
MESH
Bush.008
<Matrix 4x4 ( 1.0000,  0.0000, 0.0000, 0.0000)
            ( 0.0000,  0.8521, 0.5233, 0.0000)
            ( 0.0000, -0.5233, 0.8521, 0.0000)
            (-9.3867,  0.0170, 8.5201, 1.0000)>
MESH
Rock
<Matrix 4x4 (0.6000, 0.0000,  0.0000, 0.0000)
            (0.0000, 0.6000, -0.0000, 0.0000)
            (0.0000, 0.0000,  0.6000, 0.0000)
            (2.6120, 0.0000, -7.6729, 1.0000)>
MESH
Tent
<Matrix 4x4 (-0.2869, 0.0000,  0.9580, 0.0000)
            ( 0.0000, 1.0000,  0.0000, 0.0000)
            (-0.9580, 0.0000, -0.2869, 0.0000)
            (15.3818, 0.7928, 14.7451, 1.0000)>
MESH
Rock.001
<Matrix 4x4 (  1.0000, 0.0000,   0.0000, 0.0000)
            (  0.0000, 1.0000,  -0.0000, 0.0000)
            (  0.0000, 0.0000,   1.0000, 0.0000)
            (-18.0048, 0.5843, -14.6706, 1.0000)>
MESH
Bush.009
<Matrix 4x4 ( 0.6260, 0.0000,  0.0000, 0.0000)
            ( 0.0000, 0.6260, -0.0000, 0.0000)
            ( 0.0000, 0.0000,  0.6260, 0.0000)
            (-2.6923, 0.0170, -7.7996, 1.0000)>
MESH
Fence.002
<Matrix 4x4 (-0.9998,  0.0000,  -0.0223, 0.0000)
            (-0.0000,  1.0000,   0.0000, 0.0000)
            ( 0.0223,  0.0000,  -0.9998, 0.0000)
            (11.0762, -0.0000, -18.9141, 1.0000)>
MESH
Tree.004
<Matrix 4x4 (0.7697,  0.0000,  0.0000, 0.0000)
            (0.0000,  1.7503, -0.0000, 0.0000)
            (0.0000,  0.0000,  0.7697, 0.0000)
            (2.7459, -0.0000, 17.3442, 1.0000)>
MESH
Rock.002
<Matrix 4x4 (  0.6000, 0.0000,  0.0000, 0.0000)
            (  0.0000, 0.6000, -0.0000, 0.0000)
            (  0.0000, 0.0000,  0.6000, 0.0000)
            (-10.1196, 0.0000,  5.0109, 1.0000)>
MESH
Log.002
<Matrix 4x4 ( -0.4298,  0.0000,  0.7870, 0.0000)
            (  0.0000,  0.8967,  0.0000, 0.0000)
            ( -0.7870,  0.0000, -0.4298, 0.0000)
            (-16.2279, -0.7164, 11.8293, 1.0000)>
MESH
Log.003
<Matrix 4x4 (-0.7508,  0.0000, -0.4902, 0.0000)
            (-0.0000,  0.8967,  0.0000, 0.0000)
            ( 0.4902,  0.0000, -0.7508, 0.0000)
            ( 6.8202, -0.7164, -0.6536, 1.0000)>
MESH
Rock.003
<Matrix 4x4 (0.6000, 0.0000,  0.0000, 0.0000)
            (0.0000, 0.6000, -0.0000, 0.0000)
            (0.0000, 0.0000,  0.6000, 0.0000)
            (6.0357, 0.0000, -2.0168, 1.0000)>
MESH
Rock.004
<Matrix 4x4 (0.6000, 0.0000,  0.0000, 0.0000)
            (0.0000, 0.6000, -0.0000, 0.0000)
            (0.0000, 0.0000,  0.6000, 0.0000)
            (6.7140, 0.0000, -1.3944, 1.0000)>
MESH
Cloud.004
<Matrix 4x4 (  1.4089,  0.0000,   0.0000, 0.0000)
            (  0.0000,  1.4089,  -0.0000, 0.0000)
            (  0.0000,  0.0000,   1.4089, 0.0000)
            (-21.2644, 18.6389, -41.7519, 1.0000)>
MESH
Cloud.005
<Matrix 4x4 ( 1.6499,  0.0000,   0.0000, 0.0000)
            ( 0.0000,  1.6499,  -0.0000, 0.0000)
            ( 0.0000,  0.0000,   1.6499, 0.0000)
            (-7.6295, 14.3699, -41.0061, 1.0000)>
MESH
Cloud.006
<Matrix 4x4 (  1.9181, -0.2392,  1.1734, 0.0000)
            (  0.0834, -2.1836, -0.5815, 0.0000)
            (  1.1946,  0.5366, -1.8434, 0.0000)
            (-35.5592, 17.5737, 44.1376, 1.0000)>
MESH
Cloud.007
<Matrix 4x4 (  1.4089,  0.0000,  0.0000, 0.0000)
            (  0.0000,  1.4089, -0.0000, 0.0000)
            (  0.0000,  0.0000,  1.4089, 0.0000)
            (-41.9211, 21.5997, -8.9250, 1.0000)>
MESH
Cloud.008
<Matrix 4x4 (1.9181, -0.2392,  1.1734, 0.0000)
            (0.0834, -2.1836, -0.5815, 0.0000)
            (1.1946,  0.5366, -1.8434, 0.0000)
            (0.3635, 17.2666, 22.1417, 1.0000)>
MESH
Cloud.009
<Matrix 4x4 (1.0000,  0.0000,  0.0000, 0.0000)
            (0.0000,  1.0000, -0.0000, 0.0000)
            (0.0000,  0.0000,  1.0000, 0.0000)
            (3.8571, 27.3581, 44.5581, 1.0000)>
